PopName,Area,Sex,Year,YearReg,RefCode,Access,Births,NoteCode1,NoteCode2,NoteCode3,LDB
HUN,1,f,1950,1950,3,O,94168,NA,NA,NA,1
HUN,1,m,1950,1950,3,O,101399,NA,NA,NA,1
HUN,1,f,1951,1951,3,O,92572,NA,NA,NA,1
HUN,1,m,1951,1951,3,O,98073,NA,NA,NA,1
HUN,1,f,1952,1952,3,O,90016,NA,NA,NA,1
HUN,1,m,1952,1952,3,O,95804,NA,NA,NA,1
HUN,1,f,1953,1953,3,O,100002,NA,NA,NA,1
HUN,1,m,1953,1953,3,O,106924,NA,NA,NA,1
HUN,1,f,1954,1954,3,O,107439,NA,NA,NA,1
HUN,1,m,1954,1954,3,O,115908,NA,NA,NA,1
HUN,1,f,1955,1955,3,O,101588,NA,NA,NA,1
HUN,1,m,1955,1955,3,O,108842,NA,NA,NA,1
HUN,1,f,1956,1956,3,O,93158,NA,NA,NA,1
HUN,1,m,1956,1956,3,O,99652,NA,NA,NA,1
HUN,1,f,1957,1957,3,O,80402,NA,NA,NA,1
HUN,1,m,1957,1957,3,O,86800,NA,NA,NA,1
HUN,1,f,1958,1958,3,O,76289,NA,NA,NA,1
HUN,1,m,1958,1958,3,O,82139,NA,NA,NA,1
HUN,1,f,1959,1959,3,O,73241,NA,NA,NA,1
HUN,1,m,1959,1959,3,O,77953,NA,NA,NA,1
HUN,1,f,1960,1960,3,O,70673,NA,NA,NA,1
HUN,1,m,1960,1960,3,O,75788,NA,NA,NA,1
HUN,1,f,1961,1961,3,O,67750,NA,NA,NA,1
HUN,1,m,1961,1961,3,O,72615,NA,NA,NA,1
HUN,1,f,1962,1962,3,O,62901,NA,NA,NA,1
HUN,1,m,1962,1962,3,O,67152,NA,NA,NA,1
HUN,1,f,1963,1963,3,O,64059,NA,NA,NA,1
HUN,1,m,1963,1963,3,O,68276,NA,NA,NA,1
HUN,1,f,1964,1964,3,O,63761,NA,NA,NA,1
HUN,1,m,1964,1964,3,O,68380,NA,NA,NA,1
HUN,1,f,1965,1965,3,O,64406,NA,NA,NA,1
HUN,1,m,1965,1965,3,O,68603,NA,NA,NA,1
HUN,1,f,1966,1966,3,O,66824,NA,NA,NA,1
HUN,1,m,1966,1966,3,O,71665,NA,NA,NA,1
HUN,1,f,1967,1967,3,O,71976,NA,NA,NA,1
HUN,1,m,1967,1967,3,O,76910,NA,NA,NA,1
HUN,1,f,1968,1968,3,O,74813,NA,NA,NA,1
HUN,1,m,1968,1968,3,O,79606,NA,NA,NA,1
HUN,1,f,1969,1969,3,O,74417,NA,NA,NA,1
HUN,1,m,1969,1969,3,O,79901,NA,NA,NA,1
HUN,1,f,1970,1970,3,O,73453,NA,NA,NA,1
HUN,1,m,1970,1970,3,O,78366,NA,NA,NA,1
HUN,1,f,1971,1971,3,O,73029,NA,NA,NA,1
HUN,1,m,1971,1971,3,O,77611,NA,NA,NA,1
HUN,1,f,1972,1972,3,O,73956,NA,NA,NA,1
HUN,1,m,1972,1972,3,O,79309,NA,NA,NA,1
HUN,1,f,1973,1973,3,O,75567,NA,NA,NA,1
HUN,1,m,1973,1973,3,O,80657,NA,NA,NA,1
HUN,1,f,1974,1974,3,O,90401,NA,NA,NA,1
HUN,1,m,1974,1974,3,O,95887,NA,NA,NA,1
HUN,1,f,1975,1975,3,O,94333,NA,NA,NA,1
HUN,1,m,1975,1975,3,O,99907,NA,NA,NA,1
HUN,1,f,1976,1976,3,O,90055,NA,NA,NA,1
HUN,1,m,1976,1976,3,O,95350,NA,NA,NA,1
HUN,1,f,1977,1977,3,O,86511,NA,NA,NA,1
HUN,1,m,1977,1977,3,O,91063,NA,NA,NA,1
HUN,1,f,1978,1978,3,O,81705,NA,NA,NA,1
HUN,1,m,1978,1978,3,O,86455,NA,NA,NA,1
HUN,1,f,1979,1979,3,O,78192,NA,NA,NA,1
HUN,1,m,1979,1979,3,O,82172,NA,NA,NA,1
HUN,1,f,1980,1980,3,O,72558,NA,NA,NA,1
HUN,1,m,1980,1980,3,O,76115,NA,NA,NA,1
HUN,1,f,1981,1981,3,O,69970,NA,NA,NA,1
HUN,1,m,1981,1981,3,O,72920,NA,NA,NA,1
HUN,1,f,1982,1982,3,O,64781,NA,NA,NA,1
HUN,1,m,1982,1982,3,O,68778,NA,NA,NA,1
HUN,1,f,1983,1983,3,O,62176,NA,NA,NA,1
HUN,1,m,1983,1983,3,O,65082,NA,NA,NA,1
HUN,1,f,1984,1984,3,O,61292,NA,NA,NA,1
HUN,1,m,1984,1984,3,O,64067,NA,NA,NA,1
HUN,1,f,1985,1985,3,O,63374,NA,NA,NA,1
HUN,1,m,1985,1985,3,O,66826,NA,NA,NA,1
HUN,1,f,1986,1986,3,O,62667,NA,NA,NA,1
HUN,1,m,1986,1986,3,O,65537,NA,NA,NA,1
HUN,1,f,1987,1987,3,O,61261,NA,NA,NA,1
HUN,1,m,1987,1987,3,O,64579,NA,NA,NA,1
HUN,1,f,1988,1988,3,O,60506,NA,NA,NA,1
HUN,1,m,1988,1988,3,O,63790,NA,NA,NA,1
HUN,1,f,1989,1989,3,O,60008,NA,NA,NA,1
HUN,1,m,1989,1989,3,O,63296,NA,NA,NA,1
HUN,1,f,1990,1990,3,O,61463,NA,NA,NA,1
HUN,1,m,1990,1990,3,O,64216,NA,NA,NA,1
HUN,1,f,1991,1991,3,O,62100,NA,NA,NA,1
HUN,1,m,1991,1991,3,O,65107,NA,NA,NA,1
HUN,1,f,1992,1992,3,O,59210,NA,NA,NA,1
HUN,1,m,1992,1992,3,O,62514,NA,NA,NA,1
HUN,1,f,1993,1993,3,O,56996,NA,NA,NA,1
HUN,1,m,1993,1993,3,O,60037,NA,NA,NA,1
HUN,1,f,1994,1994,3,O,56189,NA,NA,NA,1
HUN,1,m,1994,1994,3,O,59409,NA,NA,NA,1
HUN,1,f,1995,1995,3,O,54498,NA,NA,NA,1
HUN,1,m,1995,1995,3,O,57556,NA,NA,NA,1
HUN,1,f,1996,1996,3,O,51084,NA,NA,NA,1
HUN,1,m,1996,1996,3,O,54188,NA,NA,NA,1
HUN,1,f,1997,1997,3,O,48443,NA,NA,NA,1
HUN,1,m,1997,1997,3,O,51907,NA,NA,NA,1
HUN,1,f,1998,1998,3,O,47345,NA,NA,NA,1
HUN,1,m,1998,1998,3,O,49956,NA,NA,NA,1
HUN,1,f,1999,1999,3,O,45749,NA,NA,NA,1
HUN,1,m,1999,1999,3,O,48896,NA,NA,NA,1
HUN,1,f,2000,2000,4,O,47355,NA,NA,NA,1
HUN,1,m,2000,2000,4,O,50242,NA,NA,NA,1
HUN,1,f,2001,2001,4,O,47013,NA,NA,NA,1
HUN,1,m,2001,2001,4,O,50034,NA,NA,NA,1
HUN,1,f,2002,2002,4,O,47109,NA,NA,NA,1
HUN,1,m,2002,2002,4,O,49695,NA,NA,NA,1
HUN,1,f,2003,2003,8,O,45784,NA,NA,NA,1
HUN,1,m,2003,2003,8,O,48863,NA,NA,NA,1
HUN,1,f,2004,2004,8,O,46359,NA,NA,NA,1
HUN,1,m,2004,2004,8,O,48778,NA,NA,NA,1
HUN,1,f,2005,2005,8,O,47169,NA,NA,NA,1
HUN,1,m,2005,2005,8,O,50327,NA,NA,NA,1
HUN,1,f,2006,2006,15,O,48755,NA,NA,NA,1
HUN,1,m,2006,2006,15,O,51116,NA,NA,NA,1
HUN,1,f,2007,2007,15,O,47580,NA,NA,NA,1
HUN,1,m,2007,2007,15,O,50033,NA,NA,NA,1
HUN,1,f,2008,2008,18,O,48326,NA,NA,NA,1
HUN,1,m,2008,2008,18,O,50823,NA,NA,NA,1
HUN,1,f,2009,2009,18,O,46877,NA,NA,NA,1
HUN,1,m,2009,2009,18,O,49565,NA,NA,NA,1
